{
 "cells": [
  {
   "metadata": {
    "ExecuteTime": {
     "end_time": "2025-04-17T23:35:40.889661Z",
     "start_time": "2025-04-17T23:35:40.865745Z"
    }
   },
   "cell_type": "code",
   "source": [
    "import pandas as pd\n",
    "import numpy as np\n",
    "import matplotlib.pyplot as plt\n",
    "import sklearn"
   ],
   "id": "75cb6ab65bb86e9",
   "outputs": [],
   "execution_count": 18
  },
  {
   "metadata": {
    "ExecuteTime": {
     "end_time": "2025-04-17T23:26:12.162166Z",
     "start_time": "2025-04-17T23:26:11.931291Z"
    }
   },
   "cell_type": "code",
   "source": "df = pd.read_csv('df_regression.csv')",
   "id": "c04dfbbb40e5e861",
   "outputs": [],
   "execution_count": 9
  },
  {
   "metadata": {},
   "cell_type": "code",
   "outputs": [],
   "execution_count": null,
   "source": "df",
   "id": "f5e6028d1ff6cd9c"
  },
  {
   "metadata": {
    "ExecuteTime": {
     "end_time": "2025-04-17T23:26:14.512255Z",
     "start_time": "2025-04-17T23:26:14.479732Z"
    }
   },
   "cell_type": "code",
   "source": [
    "df.drop(['Unnamed: 0', 'driver_number', 'date_start', 'duration_sector_1', 'duration_sector_2', 'duration_sector_3',\n",
    "         'meeting_key', 'session_key', 'segments_sector_1', 'segments_sector_2', 'segments_sector_3'], axis=1, inplace=True)"
   ],
   "id": "a1de966196f3a017",
   "outputs": [],
   "execution_count": 10
  },
  {
   "metadata": {},
   "cell_type": "code",
   "outputs": [],
   "execution_count": null,
   "source": "df",
   "id": "de89c8ec2ee0a440"
  },
  {
   "metadata": {
    "ExecuteTime": {
     "end_time": "2025-04-17T23:26:16.091178Z",
     "start_time": "2025-04-17T23:26:16.000638Z"
    }
   },
   "cell_type": "code",
   "source": "df.corr()",
   "id": "73cd2bd7d7d12ed5",
   "outputs": [
    {
     "data": {
      "text/plain": [
       "                lap_number  brake_count    n_gear  drs_count     speed  \\\n",
       "lap_number        1.000000     0.482828 -0.284263  -0.262035 -0.601266   \n",
       "brake_count       0.482828     1.000000 -0.228027  -0.030748 -0.812325   \n",
       "n_gear           -0.284263    -0.228027  1.000000   0.116791  0.379607   \n",
       "drs_count        -0.262035    -0.030748  0.116791   1.000000  0.181326   \n",
       "speed            -0.601266    -0.812325  0.379607   0.181326  1.000000   \n",
       "throttle         -0.573314    -0.736232  0.305765   0.093337  0.788852   \n",
       "rpm              -0.479236    -0.728288  0.218538   0.096551  0.868849   \n",
       "i1_speed         -0.616488    -0.777503  0.393093   0.161027  0.898277   \n",
       "i2_speed         -0.605357    -0.768561  0.355831   0.172564  0.919241   \n",
       "is_pit_out_lap   -0.077558     0.112149 -0.093369  -0.075774 -0.165050   \n",
       "lap_duration      0.596446     0.830300 -0.276551  -0.187009 -0.979217   \n",
       "st_speed         -0.375307    -0.586937  0.202004   0.214456  0.687289   \n",
       "yellow_flag       0.093143     0.344027 -0.170152  -0.091069 -0.417256   \n",
       "\n",
       "                throttle       rpm  i1_speed  i2_speed  is_pit_out_lap  \\\n",
       "lap_number     -0.573314 -0.479236 -0.616488 -0.605357       -0.077558   \n",
       "brake_count    -0.736232 -0.728288 -0.777503 -0.768561        0.112149   \n",
       "n_gear          0.305765  0.218538  0.393093  0.355831       -0.093369   \n",
       "drs_count       0.093337  0.096551  0.161027  0.172564       -0.075774   \n",
       "speed           0.788852  0.868849  0.898277  0.919241       -0.165050   \n",
       "throttle        1.000000  0.581208  0.904826  0.913125       -0.081941   \n",
       "rpm             0.581208  1.000000  0.755304  0.780812       -0.076203   \n",
       "i1_speed        0.904826  0.755304  1.000000  0.909137       -0.156227   \n",
       "i2_speed        0.913125  0.780812  0.909137  1.000000       -0.087779   \n",
       "is_pit_out_lap -0.081941 -0.076203 -0.156227 -0.087779        1.000000   \n",
       "lap_duration   -0.902132 -0.870598 -0.880982 -0.911515        0.158444   \n",
       "st_speed        0.658753  0.639699  0.655116  0.657308       -0.130261   \n",
       "yellow_flag    -0.416368 -0.309729 -0.430427 -0.432869        0.278190   \n",
       "\n",
       "                lap_duration  st_speed  yellow_flag  \n",
       "lap_number          0.596446 -0.375307     0.093143  \n",
       "brake_count         0.830300 -0.586937     0.344027  \n",
       "n_gear             -0.276551  0.202004    -0.170152  \n",
       "drs_count          -0.187009  0.214456    -0.091069  \n",
       "speed              -0.979217  0.687289    -0.417256  \n",
       "throttle           -0.902132  0.658753    -0.416368  \n",
       "rpm                -0.870598  0.639699    -0.309729  \n",
       "i1_speed           -0.880982  0.655116    -0.430427  \n",
       "i2_speed           -0.911515  0.657308    -0.432869  \n",
       "is_pit_out_lap      0.158444 -0.130261     0.278190  \n",
       "lap_duration        1.000000 -0.721254     0.448635  \n",
       "st_speed           -0.721254  1.000000    -0.378356  \n",
       "yellow_flag         0.448635 -0.378356     1.000000  "
      ],
      "text/html": [
       "<div>\n",
       "<style scoped>\n",
       "    .dataframe tbody tr th:only-of-type {\n",
       "        vertical-align: middle;\n",
       "    }\n",
       "\n",
       "    .dataframe tbody tr th {\n",
       "        vertical-align: top;\n",
       "    }\n",
       "\n",
       "    .dataframe thead th {\n",
       "        text-align: right;\n",
       "    }\n",
       "</style>\n",
       "<table border=\"1\" class=\"dataframe\">\n",
       "  <thead>\n",
       "    <tr style=\"text-align: right;\">\n",
       "      <th></th>\n",
       "      <th>lap_number</th>\n",
       "      <th>brake_count</th>\n",
       "      <th>n_gear</th>\n",
       "      <th>drs_count</th>\n",
       "      <th>speed</th>\n",
       "      <th>throttle</th>\n",
       "      <th>rpm</th>\n",
       "      <th>i1_speed</th>\n",
       "      <th>i2_speed</th>\n",
       "      <th>is_pit_out_lap</th>\n",
       "      <th>lap_duration</th>\n",
       "      <th>st_speed</th>\n",
       "      <th>yellow_flag</th>\n",
       "    </tr>\n",
       "  </thead>\n",
       "  <tbody>\n",
       "    <tr>\n",
       "      <th>lap_number</th>\n",
       "      <td>1.000000</td>\n",
       "      <td>0.482828</td>\n",
       "      <td>-0.284263</td>\n",
       "      <td>-0.262035</td>\n",
       "      <td>-0.601266</td>\n",
       "      <td>-0.573314</td>\n",
       "      <td>-0.479236</td>\n",
       "      <td>-0.616488</td>\n",
       "      <td>-0.605357</td>\n",
       "      <td>-0.077558</td>\n",
       "      <td>0.596446</td>\n",
       "      <td>-0.375307</td>\n",
       "      <td>0.093143</td>\n",
       "    </tr>\n",
       "    <tr>\n",
       "      <th>brake_count</th>\n",
       "      <td>0.482828</td>\n",
       "      <td>1.000000</td>\n",
       "      <td>-0.228027</td>\n",
       "      <td>-0.030748</td>\n",
       "      <td>-0.812325</td>\n",
       "      <td>-0.736232</td>\n",
       "      <td>-0.728288</td>\n",
       "      <td>-0.777503</td>\n",
       "      <td>-0.768561</td>\n",
       "      <td>0.112149</td>\n",
       "      <td>0.830300</td>\n",
       "      <td>-0.586937</td>\n",
       "      <td>0.344027</td>\n",
       "    </tr>\n",
       "    <tr>\n",
       "      <th>n_gear</th>\n",
       "      <td>-0.284263</td>\n",
       "      <td>-0.228027</td>\n",
       "      <td>1.000000</td>\n",
       "      <td>0.116791</td>\n",
       "      <td>0.379607</td>\n",
       "      <td>0.305765</td>\n",
       "      <td>0.218538</td>\n",
       "      <td>0.393093</td>\n",
       "      <td>0.355831</td>\n",
       "      <td>-0.093369</td>\n",
       "      <td>-0.276551</td>\n",
       "      <td>0.202004</td>\n",
       "      <td>-0.170152</td>\n",
       "    </tr>\n",
       "    <tr>\n",
       "      <th>drs_count</th>\n",
       "      <td>-0.262035</td>\n",
       "      <td>-0.030748</td>\n",
       "      <td>0.116791</td>\n",
       "      <td>1.000000</td>\n",
       "      <td>0.181326</td>\n",
       "      <td>0.093337</td>\n",
       "      <td>0.096551</td>\n",
       "      <td>0.161027</td>\n",
       "      <td>0.172564</td>\n",
       "      <td>-0.075774</td>\n",
       "      <td>-0.187009</td>\n",
       "      <td>0.214456</td>\n",
       "      <td>-0.091069</td>\n",
       "    </tr>\n",
       "    <tr>\n",
       "      <th>speed</th>\n",
       "      <td>-0.601266</td>\n",
       "      <td>-0.812325</td>\n",
       "      <td>0.379607</td>\n",
       "      <td>0.181326</td>\n",
       "      <td>1.000000</td>\n",
       "      <td>0.788852</td>\n",
       "      <td>0.868849</td>\n",
       "      <td>0.898277</td>\n",
       "      <td>0.919241</td>\n",
       "      <td>-0.165050</td>\n",
       "      <td>-0.979217</td>\n",
       "      <td>0.687289</td>\n",
       "      <td>-0.417256</td>\n",
       "    </tr>\n",
       "    <tr>\n",
       "      <th>throttle</th>\n",
       "      <td>-0.573314</td>\n",
       "      <td>-0.736232</td>\n",
       "      <td>0.305765</td>\n",
       "      <td>0.093337</td>\n",
       "      <td>0.788852</td>\n",
       "      <td>1.000000</td>\n",
       "      <td>0.581208</td>\n",
       "      <td>0.904826</td>\n",
       "      <td>0.913125</td>\n",
       "      <td>-0.081941</td>\n",
       "      <td>-0.902132</td>\n",
       "      <td>0.658753</td>\n",
       "      <td>-0.416368</td>\n",
       "    </tr>\n",
       "    <tr>\n",
       "      <th>rpm</th>\n",
       "      <td>-0.479236</td>\n",
       "      <td>-0.728288</td>\n",
       "      <td>0.218538</td>\n",
       "      <td>0.096551</td>\n",
       "      <td>0.868849</td>\n",
       "      <td>0.581208</td>\n",
       "      <td>1.000000</td>\n",
       "      <td>0.755304</td>\n",
       "      <td>0.780812</td>\n",
       "      <td>-0.076203</td>\n",
       "      <td>-0.870598</td>\n",
       "      <td>0.639699</td>\n",
       "      <td>-0.309729</td>\n",
       "    </tr>\n",
       "    <tr>\n",
       "      <th>i1_speed</th>\n",
       "      <td>-0.616488</td>\n",
       "      <td>-0.777503</td>\n",
       "      <td>0.393093</td>\n",
       "      <td>0.161027</td>\n",
       "      <td>0.898277</td>\n",
       "      <td>0.904826</td>\n",
       "      <td>0.755304</td>\n",
       "      <td>1.000000</td>\n",
       "      <td>0.909137</td>\n",
       "      <td>-0.156227</td>\n",
       "      <td>-0.880982</td>\n",
       "      <td>0.655116</td>\n",
       "      <td>-0.430427</td>\n",
       "    </tr>\n",
       "    <tr>\n",
       "      <th>i2_speed</th>\n",
       "      <td>-0.605357</td>\n",
       "      <td>-0.768561</td>\n",
       "      <td>0.355831</td>\n",
       "      <td>0.172564</td>\n",
       "      <td>0.919241</td>\n",
       "      <td>0.913125</td>\n",
       "      <td>0.780812</td>\n",
       "      <td>0.909137</td>\n",
       "      <td>1.000000</td>\n",
       "      <td>-0.087779</td>\n",
       "      <td>-0.911515</td>\n",
       "      <td>0.657308</td>\n",
       "      <td>-0.432869</td>\n",
       "    </tr>\n",
       "    <tr>\n",
       "      <th>is_pit_out_lap</th>\n",
       "      <td>-0.077558</td>\n",
       "      <td>0.112149</td>\n",
       "      <td>-0.093369</td>\n",
       "      <td>-0.075774</td>\n",
       "      <td>-0.165050</td>\n",
       "      <td>-0.081941</td>\n",
       "      <td>-0.076203</td>\n",
       "      <td>-0.156227</td>\n",
       "      <td>-0.087779</td>\n",
       "      <td>1.000000</td>\n",
       "      <td>0.158444</td>\n",
       "      <td>-0.130261</td>\n",
       "      <td>0.278190</td>\n",
       "    </tr>\n",
       "    <tr>\n",
       "      <th>lap_duration</th>\n",
       "      <td>0.596446</td>\n",
       "      <td>0.830300</td>\n",
       "      <td>-0.276551</td>\n",
       "      <td>-0.187009</td>\n",
       "      <td>-0.979217</td>\n",
       "      <td>-0.902132</td>\n",
       "      <td>-0.870598</td>\n",
       "      <td>-0.880982</td>\n",
       "      <td>-0.911515</td>\n",
       "      <td>0.158444</td>\n",
       "      <td>1.000000</td>\n",
       "      <td>-0.721254</td>\n",
       "      <td>0.448635</td>\n",
       "    </tr>\n",
       "    <tr>\n",
       "      <th>st_speed</th>\n",
       "      <td>-0.375307</td>\n",
       "      <td>-0.586937</td>\n",
       "      <td>0.202004</td>\n",
       "      <td>0.214456</td>\n",
       "      <td>0.687289</td>\n",
       "      <td>0.658753</td>\n",
       "      <td>0.639699</td>\n",
       "      <td>0.655116</td>\n",
       "      <td>0.657308</td>\n",
       "      <td>-0.130261</td>\n",
       "      <td>-0.721254</td>\n",
       "      <td>1.000000</td>\n",
       "      <td>-0.378356</td>\n",
       "    </tr>\n",
       "    <tr>\n",
       "      <th>yellow_flag</th>\n",
       "      <td>0.093143</td>\n",
       "      <td>0.344027</td>\n",
       "      <td>-0.170152</td>\n",
       "      <td>-0.091069</td>\n",
       "      <td>-0.417256</td>\n",
       "      <td>-0.416368</td>\n",
       "      <td>-0.309729</td>\n",
       "      <td>-0.430427</td>\n",
       "      <td>-0.432869</td>\n",
       "      <td>0.278190</td>\n",
       "      <td>0.448635</td>\n",
       "      <td>-0.378356</td>\n",
       "      <td>1.000000</td>\n",
       "    </tr>\n",
       "  </tbody>\n",
       "</table>\n",
       "</div>"
      ]
     },
     "execution_count": 11,
     "metadata": {},
     "output_type": "execute_result"
    }
   ],
   "execution_count": 11
  },
  {
   "metadata": {
    "ExecuteTime": {
     "end_time": "2025-04-17T23:31:19.656080Z",
     "start_time": "2025-04-17T23:31:19.600501Z"
    }
   },
   "cell_type": "code",
   "source": "df.drop(['speed', 'i1_speed', 'i2_speed', 'st_speed'], axis=1, inplace=True)",
   "id": "e83d567c05110e85",
   "outputs": [],
   "execution_count": 14
  },
  {
   "metadata": {
    "ExecuteTime": {
     "end_time": "2025-04-17T23:31:21.951516Z",
     "start_time": "2025-04-17T23:31:21.919689Z"
    }
   },
   "cell_type": "code",
   "source": "df.isna().sum()",
   "id": "181db8a08b78d6",
   "outputs": [
    {
     "data": {
      "text/plain": [
       "lap_number         0\n",
       "brake_count        0\n",
       "n_gear             0\n",
       "drs_count          0\n",
       "throttle           0\n",
       "rpm                0\n",
       "is_pit_out_lap     0\n",
       "lap_duration      24\n",
       "yellow_flag        0\n",
       "dtype: int64"
      ]
     },
     "execution_count": 15,
     "metadata": {},
     "output_type": "execute_result"
    }
   ],
   "execution_count": 15
  },
  {
   "metadata": {
    "ExecuteTime": {
     "end_time": "2025-04-17T23:31:25.051004Z",
     "start_time": "2025-04-17T23:31:25.024632Z"
    }
   },
   "cell_type": "code",
   "source": "df.dtypes",
   "id": "5643b61adec65b55",
   "outputs": [
    {
     "data": {
      "text/plain": [
       "lap_number          int64\n",
       "brake_count         int64\n",
       "n_gear            float64\n",
       "drs_count           int64\n",
       "throttle          float64\n",
       "rpm               float64\n",
       "is_pit_out_lap       bool\n",
       "lap_duration      float64\n",
       "yellow_flag         int64\n",
       "dtype: object"
      ]
     },
     "execution_count": 16,
     "metadata": {},
     "output_type": "execute_result"
    }
   ],
   "execution_count": 16
  },
  {
   "metadata": {
    "ExecuteTime": {
     "end_time": "2025-04-17T23:31:46.089930Z",
     "start_time": "2025-04-17T23:31:42.764645Z"
    }
   },
   "cell_type": "code",
   "source": [
    "from sklearn.model_selection import train_test_split\n",
    "from sklearn.preprocessing import StandardScaler\n",
    "from sklearn.linear_model import LinearRegression\n",
    "from sklearn.metrics import mean_squared_error, mean_absolute_error, r2_score\n",
    "\n",
    "# Assuming your DataFrame is named 'df' as implied by 'df.isna().sum()'\n",
    "# If your DataFrame has a different name, replace 'df' accordingly.\n",
    "\n",
    "# 1. Handle the 'is_pit_out_lap' boolean column\n",
    "df['is_pit_out_lap'] = df['is_pit_out_lap'].astype(int)\n",
    "\n",
    "\n",
    "# Strategy for handling nulls:\n",
    "# - For 'i1_speed', 'lap_duration': Fill with the mean (assuming these are missing somewhat randomly)\n",
    "# - For 'i2_speed', 'st_speed': Fill with the mean as well, given the low number of missing values\n",
    "\n",
    "#df['i1_speed'].fillna(df['i1_speed'].mean(), inplace=True)\n",
    "#df['i2_speed'].fillna(df['i2_speed'].mean(), inplace=True)\n",
    "df['lap_duration'].fillna(df['lap_duration'].mean(), inplace=True)\n",
    "#df['st_speed'].fillna(df['st_speed'].mean(), inplace=True)\n",
    "\n",
    "\n",
    "# 3. Separate features (X) and target (y)\n",
    "X = df.drop('lap_duration', axis=1)\n",
    "y = df['lap_duration']\n",
    "\n",
    "# 4. Split the data into training and testing sets\n",
    "X_train, X_test, y_train, y_test = train_test_split(X, y, test_size=0.2, random_state=42)\n",
    "\n",
    "# 5. Scale the numerical features\n",
    "# Identify numerical columns (excluding the target variable and potentially binary/categorical)\n",
    "numerical_cols = X_train.select_dtypes(include=['float64', 'int64']).columns\n",
    "\n",
    "# Initialize the StandardScaler\n",
    "scaler = StandardScaler()\n",
    "\n",
    "# Fit the scaler on the training data and transform both training and testing data\n",
    "X_train_scaled = scaler.fit_transform(X_train[numerical_cols])\n",
    "X_test_scaled = scaler.transform(X_test[numerical_cols])\n",
    "\n",
    "# Convert the scaled arrays back to DataFrames (optional, but can be helpful for inspection)\n",
    "X_train_scaled = pd.DataFrame(X_train_scaled, columns=numerical_cols, index=X_train.index)\n",
    "X_test_scaled = pd.DataFrame(X_test_scaled, columns=numerical_cols, index=X_test.index)\n",
    "\n",
    "print(\"\\nScaled Training Data:\")\n",
    "print(X_train_scaled.head())\n",
    "\n",
    "print(\"\\nScaled Testing Data:\")\n",
    "print(X_test_scaled.head())\n",
    "\n",
    "# 6. Model the lap duration using Linear Regression\n",
    "model = LinearRegression()\n",
    "\n",
    "# Train the model on the scaled training data\n",
    "model.fit(X_train_scaled, y_train)\n",
    "\n",
    "# Make predictions on the scaled testing data\n",
    "y_pred = model.predict(X_test_scaled)\n",
    "\n",
    "# 7. Evaluate the model\n",
    "mse = mean_squared_error(y_test, y_pred)\n",
    "mae = mean_absolute_error(y_test, y_pred)\n",
    "r_squared = r2_score(y_test, y_pred)\n",
    "\n",
    "\n",
    "print(f\"\\nMean Squared Error on the test set: {mse:.2f}\")\n",
    "print(f\"\\nMean Absolute Error on the test set: {mae:.2f}\")\n",
    "print(f\"R-squared on the test set: {r_squared:.2f}\")\n",
    "\n",
    "# You can further analyze the model coefficients if needed\n",
    "print(\"\\nModel Coefficients:\")\n",
    "print(pd.DataFrame(model.coef_, index=numerical_cols, columns=['Coefficient']))"
   ],
   "id": "8858514b7e5be9ae",
   "outputs": [
    {
     "name": "stdout",
     "output_type": "stream",
     "text": [
      "\n",
      "Scaled Training Data:\n",
      "      lap_number  brake_count    n_gear  drs_count  throttle       rpm  \\\n",
      "869     0.549264     0.892617 -0.365358   2.009731 -1.271687 -0.433201   \n",
      "1280    1.671117     0.576993  0.012737  -0.457052 -0.004591 -0.403560   \n",
      "1334    0.594138    -0.001649  0.269287  -0.457052  0.082063 -0.063829   \n",
      "601    -1.425198     0.103558  0.421215  -0.148704  0.268194  0.310677   \n",
      "590     0.504390    -0.527688  0.538757   2.626427  0.259202 -0.051885   \n",
      "\n",
      "      is_pit_out_lap  yellow_flag  \n",
      "869        -0.194091    -0.385766  \n",
      "1280       -0.194091    -0.385766  \n",
      "1334       -0.194091    -0.385766  \n",
      "601        -0.194091    -0.385766  \n",
      "590        -0.194091    -0.385766  \n",
      "\n",
      "Scaled Testing Data:\n",
      "      lap_number  brake_count    n_gear  drs_count  throttle       rpm  \\\n",
      "51      0.594138    -0.212065 -0.014653  -0.457052  0.021302  0.247477   \n",
      "168    -1.066205    -1.053727  0.003932  -0.457052  0.295862  0.788798   \n",
      "1468   -0.348219    -1.106331  0.234408  -0.457052  0.577132  0.641625   \n",
      "926    -0.348219    -0.264669  0.344858  -0.457052  0.481399  0.499315   \n",
      "422    -0.034100    -0.738104  0.463939  -0.457052  0.891457  0.676821   \n",
      "\n",
      "      is_pit_out_lap  yellow_flag  \n",
      "51         -0.194091    -0.385766  \n",
      "168        -0.194091    -0.385766  \n",
      "1468       -0.194091    -0.385766  \n",
      "926        -0.194091    -0.385766  \n",
      "422        -0.194091    -0.385766  \n",
      "\n",
      "Mean Squared Error on the test set: 23.09\n",
      "\n",
      "Mean Absolute Error on the test set: 2.75\n",
      "R-squared on the test set: 0.82\n",
      "\n",
      "Model Coefficients:\n",
      "                Coefficient\n",
      "lap_number         0.563823\n",
      "brake_count        1.883970\n",
      "n_gear             0.074023\n",
      "drs_count         -0.922933\n",
      "throttle          -5.917915\n",
      "rpm               -2.378993\n",
      "is_pit_out_lap     0.439044\n",
      "yellow_flag        0.494424\n"
     ]
    },
    {
     "name": "stderr",
     "output_type": "stream",
     "text": [
      "/var/folders/q1/5t02q5xd6yg1fqt4f_zpvklh0000gn/T/ipykernel_41415/2794870338.py:19: FutureWarning: A value is trying to be set on a copy of a DataFrame or Series through chained assignment using an inplace method.\n",
      "The behavior will change in pandas 3.0. This inplace method will never work because the intermediate object on which we are setting values always behaves as a copy.\n",
      "\n",
      "For example, when doing 'df[col].method(value, inplace=True)', try using 'df.method({col: value}, inplace=True)' or df[col] = df[col].method(value) instead, to perform the operation inplace on the original object.\n",
      "\n",
      "\n",
      "  df['lap_duration'].fillna(df['lap_duration'].mean(), inplace=True)\n"
     ]
    }
   ],
   "execution_count": 17
  },
  {
   "metadata": {},
   "cell_type": "code",
   "outputs": [],
   "execution_count": null,
   "source": "",
   "id": "923772576e7a130"
  }
 ],
 "metadata": {
  "kernelspec": {
   "display_name": "Python 3",
   "language": "python",
   "name": "python3"
  },
  "language_info": {
   "codemirror_mode": {
    "name": "ipython",
    "version": 2
   },
   "file_extension": ".py",
   "mimetype": "text/x-python",
   "name": "python",
   "nbconvert_exporter": "python",
   "pygments_lexer": "ipython2",
   "version": "2.7.6"
  }
 },
 "nbformat": 4,
 "nbformat_minor": 5
}
